%%MatrixMarket matrix coordinate  real general
63 63 1131
1 1 3.7341171593894815217140603635925799608230590820312500000000000000e+00
2 1 -1.7415657991975002083506751660024747252464294433593750000000000000e+00
3 1 1.2569072277761383915617443562950938940048217773437500000000000000e-01
8 1 -2.4823138318530607593359604834404308348894119262695312500000000000e-01
9 1 -3.0019271086591126085352243535453453660011291503906250000000000000e+00
10 1 6.5440778839996172067117186088580638170242309570312500000000000000e-01
15 1 2.6190836907435405267463579548348207026720046997070312500000000000e-01
16 1 1.4493998799668267318807579613348934799432754516601562500000000000e-01
17 1 7.0660263403825376848921280270587885752320289611816406250000000000e-02
1 2 -1.7415657991975002083506751660024747252464294433593750000000000000e+00
2 2 3.7457087239851847293437003827420994639396667480468750000000000000e+00
3 2 -1.2369812531934441801606539002023055218160152435302734375000000000e-01
4 2 4.6227873199882522914361260291116195730865001678466796875000000000e-02
8 2 -5.6827350249555347305729924300976563245058059692382812500000000000e-02
9 2 -1.1132687103997236377495028136763721704483032226562500000000000000e+00
10 2 -1.3877873838216492341501862028962932527065277099609375000000000000e+00
11 2 2.9396397557400183453424347135296557098627090454101562500000000000e-01
15 2 1.4300901195916046471090510294743580743670463562011718750000000000e-01
16 2 1.1633869247168457383700967966433381661772727966308593750000000000e-01
17 2 7.7559128314456382558006453109555877745151519775390625000000000000e-02
18 2 3.3996348340176808832183152908612555620493367314338684082031250000e-04
1 3 1.2569072277761383915617443562950938940048217773437500000000000000e-01
2 3 -1.2369812531934441801606539002023055218160152435302734375000000000e-01
3 3 1.8044122555012892528125689750595483928918838500976562500000000000e-01
4 3 -8.3683858743845471184208406612015096470713615417480468750000000000e-02
5 3 4.9454509108345985624044516271169413812458515167236328125000000000e-02
8 3 2.1715058976400802848161220026668161153793334960937500000000000000e-02
9 3 -1.8577024287995508311510661769716534763574600219726562500000000000e-01
10 3 4.9411799212625902300022318058836390264332294464111328125000000000e-02
11 3 -1.1300083537862165572462913587514776736497879028320312500000000000e-01
12 3 1.7785537366563380912154457291762810200452804565429687500000000000e-02
15 3 2.4727254554172992812022258135584706906229257583618164062500000000e-02
16 3 1.0967096475471241334709304737771162763237953186035156250000000000e-02
17 3 1.8415405518125572970067338474109419621527194976806640625000000000e-02
18 3 9.6143739663704069330768531287390032957773655652999877929687500000e-05
19 3 7.4483090426543316353580337363382568582892417907714843750000000000e-03
2 4 4.6227873199882522914361260291116195730865001678466796875000000000e-02
3 4 -8.3683858743845471184208406612015096470713615417480468750000000000e-02
4 4 1.4792015111667042859266985033173114061355590820312500000000000000e+00
5 4 -5.5886496097149218620359079068293794989585876464843750000000000000e-01
6 4 8.8830736529843482007784416509821312502026557922363281250000000000e-02
9 4 4.6227873199882522914361260291116195730865001678466796875000000000e-02
10 4 3.8845668915925946063083529224968515336513519287109375000000000000e-02
11 4 -1.0833397437465799306721692119026556611061096191406250000000000000e+00
12 4 -3.7975961783943268379459823336219415068626403808593750000000000000e-01
13 4 1.5606929055047100152187056210095761343836784362792968750000000000e-01
16 4 7.4483090426543316353580337363382568582892417907714843750000000000e-03
17 4 4.6227873199882522914361260291116195730865001678466796875000000000e-02
18 4 5.3032991098618032822786805269288379349745810031890869140625000000e-04
19 4 1.9602789585398305849395228506182320415973663330078125000000000000e-01
20 4 1.0819731134457812417922623060562159480468835681676864624023437500e-05
3 5 4.9454509108345985624044516271169413812458515167236328125000000000e-02
4 5 -5.5886496097149218620359079068293794989585876464843750000000000000e-01
5 5 2.2714101908161516973905236227437853813171386718750000000000000000e+00
6 5 -5.5108928767258980041532367977197282016277313232421875000000000000e-01
7 5 4.9663438389402825290375176336965523660182952880859375000000000000e-01
10 5 2.0742002003639245510946409467578632757067680358886718750000000000e-01
11 5 -7.3589778634224489728410389943746849894523620605468750000000000000e-01
12 5 3.2693637466125254065207883513721753843128681182861328125000000000e-02
13 5 -2.1904005484952060456294020696077495813369750976562500000000000000e+00
14 5 3.3387910905933926297706193508929572999477386474609375000000000000e-01
17 5 2.4727254554172992812022258135584706906229257583618164062500000000e-02
18 5 2.4762070010061825679065217187257985642645508050918579101562500000e-04
19 5 1.9225364442759379501879379859019536525011062622070312500000000000e-01
20 5 1.0327578666947969635199477966835956976865418255329132080078125000e-04
21 5 4.2742893763261285977606007691065315157175064086914062500000000000e-01
4 6 8.8830736529843482007784416509821312502026557922363281250000000000e-02
5 6 -5.5108928767258980041532367977197282016277313232421875000000000000e-01
6 6 3.2146189245298932846139905450399965047836303710937500000000000000e+00
7 6 -8.3887980331388301014072794714593328535556793212890625000000000000e-01
11 6 8.3753101437089513825462461227289168164134025573730468750000000000e-02
12 6 -4.5983564743759947068824089910776820033788681030273437500000000000e-03
13 6 -2.9149445326340268636045038874726742506027221679687500000000000000e+00
14 6 -4.1360701836295032940427063294919207692146301269531250000000000000e-02
18 6 3.0847670906271095001959653414402851012710016220808029174804687500e-05
19 6 2.2147689333022627100611146033770637586712837219238281250000000000e-01
20 6 2.7050641179212129129941222238642239972250536084175109863281250000e-04
21 6 7.4189167202142036749989983945852145552635192871093750000000000000e-01
5 7 4.9663438389402825290375176336965523660182952880859375000000000000e-01
6 7 -8.3887980331388301014072794714593328535556793212890625000000000000e-01
7 7 3.3710967573756001058882247889414429664611816406250000000000000000e+00
12 7 1.5366566353344085493759507698996458202600479125976562500000000000e-01
13 7 -4.0348789380246827818154997657984495162963867187500000000000000000e+00
14 7 -3.9601931676016532968276351311942562460899353027343750000000000000e-01
19 7 2.3458134054929702383418543831794522702693939208984375000000000000e-01
20 7 4.0008942388693923214795789000675085844704881310462951660156250000e-04
21 7 1.0133998233224774665472978085745126008987426757812500000000000000e+00
1 8 -2.4823138318530607593359604834404308348894119262695312500000000000e-01
2 8 -5.6827350249555347305729924300976563245058059692382812500000000000e-02
3 8 2.1715058976400802848161220026668161153793334960937500000000000000e-02
8 8 1.3554699452079472798970982694299891591072082519531250000000000000e+00
9 8 -3.1165515929932929850565415108576416969299316406250000000000000000e-01
10 8 1.5183885290731366501937316115800058469176292419433593750000000000e-01
15 8 -2.1120265418539302393341472452448215335607528686523437500000000000e-01
16 8 -1.4782194450152275067011942155659198760986328125000000000000000000e+00
17 8 2.1617225460768424438739998549863230437040328979492187500000000000e-01
22 8 8.6143006685219930540498012305761221796274185180664062500000000000e-02
23 8 4.7479238016060459903755486266163643449544906616210937500000000000e-01
24 8 4.4933896411722162492858798077399740122928051277995109558105468750e-06
1 9 -3.0019271086591126085352243535453453660011291503906250000000000000e+00
2 9 -1.1132687103997236377495028136763721704483032226562500000000000000e+00
3 9 -1.8577024287995508311510661769716534763574600219726562500000000000e-01
4 9 4.6227873199882522914361260291116195730865001678466796875000000000e-02
8 9 -3.1165515929932929850565415108576416969299316406250000000000000000e-01
9 9 7.1018377173520441658638446824625134468078613281250000000000000000e+00
10 9 -1.6960687718491067599302368762437254190444946289062500000000000000e+00
11 9 3.0141228461665614535291979336761869490146636962890625000000000000e-01
15 9 -1.0193738743385774014882372284773737192153930664062500000000000000e+00
16 9 -1.8235628859348065877732381068199174478650093078613281250000000000e-01
17 9 -2.1843503895833071837273564597126096487045288085937500000000000000e-01
18 9 9.2233551093050844364717999468439302290789783000946044921875000000e-04
22 9 8.9539037862490344910071371486992575228214263916015625000000000000e-02
23 9 1.8891335732801781133183283145626774057745933532714843750000000000e-01
24 9 1.7260717299874107867938390417639205054456397192552685737609863281e-06
25 9 8.6303586499370539339691952088196025272281985962763428688049316406e-07
1 10 6.5440778839996172067117186088580638170242309570312500000000000000e-01
2 10 -1.3877873838216492341501862028962932527065277099609375000000000000e+00
3 10 4.9411799212625902300022318058836390264332294464111328125000000000e-02
4 10 3.8845668915925946063083529224968515336513519287109375000000000000e-02
5 10 2.0742002003639245510946409467578632757067680358886718750000000000e-01
8 10 1.5183885290731366501937316115800058469176292419433593750000000000e-01
9 10 -1.6960687718491067599302368762437254190444946289062500000000000000e+00
10 10 4.2080725351002206124917393026407808065414428710937500000000000000e+00
11 10 -2.1888007945888867666894839203450828790664672851562500000000000000e+00
12 10 4.0265235138143264104204632758410298265516757965087890625000000000e-02
15 10 1.5346951657958698977957112674630479887127876281738281250000000000e-01
16 10 -2.8768701698979193270844234575633890926837921142578125000000000000e-01
17 10 -1.1235974916722504812760519143921555951237678527832031250000000000e-01
18 10 -3.3228102538998788122170946479627673397772014141082763671875000000e-04
19 10 5.5031031795873895651194374067927128635346889495849609375000000000e-02
22 10 7.4483090426543316353580337363382568582892417907714843750000000000e-03
23 10 1.0682262850818180499601339761284179985523223876953125000000000000e-01
24 10 1.7336375880711776509789361772062576960706792306154966354370117188e-06
25 10 8.7060172307747215170289824953675505980754678603261709213256835938e-07
26 10 7.5658580837667996650093563061785506551615299031254835426807403564e-09
2 11 2.9396397557400183453424347135296557098627090454101562500000000000e-01
3 11 -1.1300083537862165572462913587514776736497879028320312500000000000e-01
4 11 -1.0833397437465799306721692119026556611061096191406250000000000000e+00
5 11 -7.3589778634224489728410389943746849894523620605468750000000000000e-01
6 11 8.3753101437089513825462461227289168164134025573730468750000000000e-02
9 11 3.0141228461665614535291979336761869490146636962890625000000000000e-01
10 11 -2.1888007945888867666894839203450828790664672851562500000000000000e+00
11 11 3.5166330571499448964800649264361709356307983398437500000000000000e+00
12 11 4.2522858302963241483585221658358932472765445709228515625000000000e-02
13 11 1.6020952428959445157374830159824341535568237304687500000000000000e-01
16 11 9.3810023531016639708468574099242687225341796875000000000000000000e-02
17 11 -1.7586656787862625650475933980487752705812454223632812500000000000e-01
18 11 -1.1294683151886304121186421767220053880009800195693969726562500000e-04
19 11 -3.0632964637896697990271377420867793262004852294921875000000000000e-01
20 11 8.3173137358760831385189743469865675251639913767576217651367187500e-06
23 11 2.4727254554172992812022258135584706906229257583618164062500000000e-02
24 11 8.7060172307747215170289824953675505980754678603261709213256835938e-07
25 11 1.7336375880711776509789361772062576960706792306154966354370117188e-06
26 11 8.7060172307747215170289824953675505980754678603261709213256835938e-07
27 11 8.6304449535235527868337612744653597474098205566406250000000000000e-02
3 12 1.7785537366563380912154457291762810200452804565429687500000000000e-02
4 12 -3.7975961783943268379459823336219415068626403808593750000000000000e-01
5 12 3.2693637466125254065207883513721753843128681182861328125000000000e-02
6 12 -4.5983564743759947068824089910776820033788681030273437500000000000e-03
7 12 1.5366566353344085493759507698996458202600479125976562500000000000e-01
10 12 4.0265235138143264104204632758410298265516757965087890625000000000e-02
11 12 4.2522858302963241483585221658358932472765445709228515625000000000e-02
12 12 2.9385115336554350484732367476681247353553771972656250000000000000e+00
13 12 -5.6781083572220858446399915919755585491657257080078125000000000000e-01
14 12 1.1214731116202153460292834097344893962144851684570312500000000000e-01
17 12 3.5238928337520953985861904556031731772236526012420654296875000000e-03
18 12 -3.1987578815438903918899615774762423825450241565704345703125000000e-04
19 12 -3.4971505406147520567117226164555177092552185058593750000000000000e+00
20 12 7.1821606101541757472992918986953725379862589761614799499511718750e-06
21 12 1.5724838121650613897983816968917381018400192260742187500000000000e-01
24 12 7.5658580837667996650093563061785506551615299031254835426807403564e-09
25 12 9.5199601030909070944422550875074762188887689262628555297851562500e-06
26 12 9.5206146190852290284124467834026006585190771147608757019042968750e-06
27 12 9.5124894117887093258900677028577774763107299804687500000000000000e-01
28 12 4.2839118682301579530709860932791849252865290509362239390611648560e-09
4 13 1.5606929055047100152187056210095761343836784362792968750000000000e-01
5 13 -2.1904005484952060456294020696077495813369750976562500000000000000e+00
6 13 -2.9149445326340268636045038874726742506027221679687500000000000000e+00
7 13 -4.0348789380246827818154997657984495162963867187500000000000000000e+00
11 13 1.6020952428959445157374830159824341535568237304687500000000000000e-01
12 13 -5.6781083572220858446399915919755585491657257080078125000000000000e-01
13 13 1.8275672210126497674309575813822448253631591796875000000000000000e+01
14 13 -2.6149481206285090095775558438617736101150512695312500000000000000e+00
18 13 3.4184338802132642736592016419194806076120585203170776367187500000e-04
19 13 -1.6396443518290755303468131387489847838878631591796875000000000000e+00
20 13 3.4759000565464498976042673206166000454686582088470458984375000000e-04
21 13 -5.6165096629877480083337104588281363248825073242187500000000000000e+00
25 13 2.8651479686019014444153720638785998175990243908017873764038085938e-06
26 13 2.8673869727555779825494807616648174075635324697941541671752929688e-06
27 13 7.1394661429541184105573847773484885692596435546875000000000000000e-01
28 13 2.7254418513086647868348677548056002706289291381835937500000000000e-01
5 14 3.3387910905933926297706193508929572999477386474609375000000000000e-01
6 14 -4.1360701836295032940427063294919207692146301269531250000000000000e-02
7 14 -3.9601931676016532968276351311942562460899353027343750000000000000e-01
12 14 1.1214731116202153460292834097344893962144851684570312500000000000e-01
13 14 -2.6149481206285090095775558438617736101150512695312500000000000000e+00
14 14 4.8304622969902135665165587852243334054946899414062500000000000000e+00
19 14 1.8269281500197073753177789967594435438513755798339843750000000000e-01
20 14 -6.8359622841173014150262243759925695485435426235198974609375000000e-04
21 14 -3.0086433657834357191518392937723547220230102539062500000000000000e+00
26 14 7.5658580837667996650093563061785506551615299031254835426807403564e-09
27 14 3.6789217138836549647606943835853599011898040771484375000000000000e-01
28 14 2.3458139006904829559907454950007377192378044128417968750000000000e-01
1 15 2.6190836907435405267463579548348207026720046997070312500000000000e-01
2 15 1.4300901195916046471090510294743580743670463562011718750000000000e-01
3 15 2.4727254554172992812022258135584706906229257583618164062500000000e-02
8 15 -2.1120265418539302393341472452448215335607528686523437500000000000e-01
9 15 -1.0193738743385774014882372284773737192153930664062500000000000000e+00
10 15 1.5346951657958698977957112674630479887127876281738281250000000000e-01
15 15 2.0753761736707678764446427521761506795883178710937500000000000000e+00
16 15 -6.6575200578728388478566557751037180423736572265625000000000000000e-01
17 15 2.3556024539942299611539056058973073959350585937500000000000000000e-01
22 15 -4.8447772784501097476095310412347316741943359375000000000000000000e-01
23 15 -7.6996975375315612755144911716342903673648834228515625000000000000e-01
24 15 5.7302959372038028888307441277571996351980487816035747528076171875e-06
29 15 7.2090697082164742481857899747410556301474571228027343750000000000e-02
30 15 1.8462615214588576351140147835394600406289100646972656250000000000e-01
31 15 2.8651479686019014444153720638785998175990243908017873764038085938e-06
1 16 1.4493998799668267318807579613348934799432754516601562500000000000e-01
2 16 1.1633869247168457383700967966433381661772727966308593750000000000e-01
3 16 1.0967096475471241334709304737771162763237953186035156250000000000e-02
4 16 7.4483090426543316353580337363382568582892417907714843750000000000e-03
8 16 -1.4782194450152275067011942155659198760986328125000000000000000000e+00
9 16 -1.8235628859348065877732381068199174478650093078613281250000000000e-01
10 16 -2.8768701698979193270844234575633890926837921142578125000000000000e-01
11 16 9.3810023531016639708468574099242687225341796875000000000000000000e-02
15 16 -6.6575200578728388478566557751037180423736572265625000000000000000e-01
16 16 7.1508186672226203839386471372563391923904418945312500000000000000e+00
17 16 -1.2389121676704988317396782804280519485473632812500000000000000000e+00
18 16 3.0974116832444107023925017330157061223872005939483642578125000000e-03
22 16 -9.0195997922286053061213806358864530920982360839843750000000000000e-02
23 16 -4.3561268852388188577151595382019877433776855468750000000000000000e+00
24 16 -1.0530391135805878725191161993102184624149231240153312683105468750e-05
25 16 4.9011116809558787828248783979834257706897915340960025787353515625e-06
29 16 1.6469664073940920578920099615061189979314804077148437500000000000e-01
30 16 6.0712892051592337594456694205291569232940673828125000000000000000e-01
31 16 9.6867179914020760370021306817633899299835320562124252319335937500e-06
32 16 1.0014487204867722424883203251653020562916829305777355330064892769e-10
1 17 7.0660263403825376848921280270587885752320289611816406250000000000e-02
2 17 7.7559128314456382558006453109555877745151519775390625000000000000e-02
3 17 1.8415405518125572970067338474109419621527194976806640625000000000e-02
4 17 4.6227873199882522914361260291116195730865001678466796875000000000e-02
5 17 2.4727254554172992812022258135584706906229257583618164062500000000e-02
8 17 2.1617225460768424438739998549863230437040328979492187500000000000e-01
9 17 -2.1843503895833071837273564597126096487045288085937500000000000000e-01
10 17 -1.1235974916722504812760519143921555951237678527832031250000000000e-01
11 17 -1.7586656787862625650475933980487752705812454223632812500000000000e-01
12 17 3.5238928337520953985861904556031731772236526012420654296875000000e-03
15 17 2.3556024539942299611539056058973073959350585937500000000000000000e-01
16 17 -1.2389121676704988317396782804280519485473632812500000000000000000e+00
17 17 1.3094539790162178505283918639179319143295288085937500000000000000e+00
18 17 -6.6938545017202685794011074449372244998812675476074218750000000000e-03
19 17 7.4534145435895173686935422097121772821992635726928710937500000000e-03
22 17 6.3506818711401180621578532736748456954956054687500000000000000000e-02
23 17 -5.5103975471097932370412308955565094947814941406250000000000000000e-01
24 17 -2.7642314862481008348044086986305956088472157716751098632812500000e-06
25 17 -1.7307464938249394841279088508301242654852103441953659057617187500e-05
26 17 6.8133985985176442347525742858349584452071212581358850002288818359e-08
29 17 4.7363442527991746200388689658211660571396350860595703125000000000e-02
30 17 1.8269276558221947404092588840285316109657287597656250000000000000e-01
31 17 5.9046196835987376367845327895800267015147255733609199523925781250e-06
32 17 2.2775259776904928837161478031160359580820085056984680704772472382e-10
33 17 4.4933896411722162492858798077399740122928051277995109558105468750e-06
2 18 3.3996348340176808832183152908612555620493367314338684082031250000e-04
3 18 9.6143739663704069330768531287390032957773655652999877929687500000e-05
4 18 5.3032991098618032822786805269288379349745810031890869140625000000e-04
5 18 2.4762070010061825679065217187257985642645508050918579101562500000e-04
6 18 3.0847670906271095001959653414402851012710016220808029174804687500e-05
9 18 9.2233551093050844364717999468439302290789783000946044921875000000e-04
10 18 -3.3228102538998788122170946479627673397772014141082763671875000000e-04
11 18 -1.1294683151886304121186421767220053880009800195693969726562500000e-04
12 18 -3.1987578815438903918899615774762423825450241565704345703125000000e-04
13 18 3.4184338802132642736592016419194806076120585203170776367187500000e-04
16 18 3.0974116832444107023925017330157061223872005939483642578125000000e-03
17 18 -6.6938545017202685794011074449372244998812675476074218750000000000e-03
18 18 1.4394888400911707258822413990628774627111852169036865234375000000e-04
19 18 -9.8142106383316673329231250022530730348080396652221679687500000000e-04
20 18 9.9139502531880607786117086833305167559160508972126990556716918945e-08
23 18 1.9333867636663018985815343242506969545502215623855590820312500000e-03
24 18 -2.0548732360205106007574682794314391287571197608485817909240722656e-07
25 18 -7.3819627917511386805730043414452978822737350128591060638427734375e-06
26 18 -9.1437190195236410326720135309519488231444483972154557704925537109e-08
27 18 7.5659347423476372082595808876703813439235091209411621093750000000e-04
30 18 1.0000000000000001656791680269083157778231552015313354786485433578e-10
31 18 3.0394717149968366158856343528515964180769515223801136016845703125e-06
32 18 4.5782557430972552924079152703766906751248200180270941928029060364e-10
33 18 4.4936197141487565562940030561289717070394544862210750579833984375e-06
34 18 1.0000000000000001656791680269083157778231552015313354786485433578e-10
3 19 7.4483090426543316353580337363382568582892417907714843750000000000e-03
4 19 1.9602789585398305849395228506182320415973663330078125000000000000e-01
5 19 1.9225364442759379501879379859019536525011062622070312500000000000e-01
6 19 2.2147689333022627100611146033770637586712837219238281250000000000e-01
7 19 2.3458134054929702383418543831794522702693939208984375000000000000e-01
10 19 5.5031031795873895651194374067927128635346889495849609375000000000e-02
11 19 -3.0632964637896697990271377420867793262004852294921875000000000000e-01
12 19 -3.4971505406147520567117226164555177092552185058593750000000000000e+00
13 19 -1.6396443518290755303468131387489847838878631591796875000000000000e+00
14 19 1.8269281500197073753177789967594435438513755798339843750000000000e-01
17 19 7.4534145435895173686935422097121772821992635726928710937500000000e-03
18 19 -9.8142106383316673329231250022530730348080396652221679687500000000e-04
19 19 7.3996218462174034868894523242488503456115722656250000000000000000e+00
20 19 3.9562725535954657637028458738726044430222827941179275512695312500e-05
21 19 7.2188767750284021929019218077883124351501464843750000000000000000e-01
24 19 4.1528789786742913302629970871693299017124445526860654354095458984e-07
25 19 -3.1008219851880575417945457017410149092029314488172531127929687500e-05
26 19 -1.3241738224555835252093348441970732665140531025826930999755859375e-05
27 19 -5.0984530484817884854464864474721252918243408203125000000000000000e+00
28 19 9.5124894117887093258900677028577774763107299804687500000000000000e-01
31 19 2.8651479686019014444153720638785998175990243908017873764038085938e-06
32 19 3.5768070226104833084135363680325370161483533593127503991127014160e-10
33 19 1.4493719714148756746562723973781316999520640820264816284179687500e-05
34 19 8.6304449635235522264586904839234193786978721618652343750000000000e-02
35 19 2.8651766200815870222484704754606354981660842895507812500000000000e-01
4 20 1.0819731134457812417922623060562159480468835681676864624023437500e-05
5 20 1.0327578666947969635199477966835956976865418255329132080078125000e-04
6 20 2.7050641179212129129941222238642239972250536084175109863281250000e-04
7 20 4.0008942388693923214795789000675085844704881310462951660156250000e-04
11 20 8.3173137358760831385189743469865675251639913767576217651367187500e-06
12 20 7.1821606101541757472992918986953725379862589761614799499511718750e-06
13 20 3.4759000565464498976042673206166000454686582088470458984375000000e-04
14 20 -6.8359622841173014150262243759925695485435426235198974609375000000e-04
18 20 9.9139502531880607786117086833305167559160508972126990556716918945e-08
19 20 3.9562725535954657637028458738726044430222827941179275512695312500e-05
20 20 5.2478037602642345235649454227022658869827864691615104675292968750e-06
21 20 -1.0173773646740113391073734305791731458157300949096679687500000000e-03
25 20 1.3090319886435407904511270678034676184786633257317589595913887024e-09
26 20 -2.0394414257256876400988121066266967051916481068474240601062774658e-08
27 20 2.8601499277434121312410630899591978959506377577781677246093750000e-04
28 20 1.8439607216347888825683232205676631565438583493232727050781250000e-04
32 20 2.3007297654067624086917674672606547170428115123286261223256587982e-10
33 20 8.8458897086244663609474028062779928094361281409874209202826023102e-10
34 20 8.3174137358760833577901033786261564273445401340723037719726562500e-06
35 20 2.9572582849942548967108954527382991273043444380164146423339843750e-05
5 21 4.2742893763261285977606007691065315157175064086914062500000000000e-01
6 21 7.4189167202142036749989983945852145552635192871093750000000000000e-01
7 21 1.0133998233224774665472978085745126008987426757812500000000000000e+00
12 21 1.5724838121650613897983816968917381018400192260742187500000000000e-01
13 21 -5.6165096629877480083337104588281363248825073242187500000000000000e+00
14 21 -3.0086433657834357191518392937723547220230102539062500000000000000e+00
19 21 7.2188767750284021929019218077883124351501464843750000000000000000e-01
20 21 -1.0173773646740113391073734305791731458157300949096679687500000000e-03
21 21 8.1421857262248273912064178148284554481506347656250000000000000000e+00
26 21 4.5009554992559829017127401296072264358372194692492485046386718750e-06
27 21 -2.1000026924172296993731379188830032944679260253906250000000000000e+00
28 21 -7.0444522216377658541119899382465519011020660400390625000000000000e-01
33 21 4.4933896411722162492858798077399740122928051277995109558105468750e-06
34 21 5.0461403897632026160913198964408366009593009948730468750000000000e-02
35 21 1.7610570455340573969849060631531756371259689331054687500000000000e-01
8 22 8.6143006685219930540498012305761221796274185180664062500000000000e-02
9 22 8.9539037862490344910071371486992575228214263916015625000000000000e-02
10 22 7.4483090426543316353580337363382568582892417907714843750000000000e-03
15 22 -4.8447772784501097476095310412347316741943359375000000000000000000e-01
16 22 -9.0195997922286053061213806358864530920982360839843750000000000000e-02
17 22 6.3506818711401180621578532736748456954956054687500000000000000000e-02
22 22 4.0937676854647181423629831442667637020349502563476562500000000000e-01
23 22 -7.3196080034608937414652984898566501215100288391113281250000000000e-02
24 22 1.7935511999782654275200710972115736296927934745326638221740722656e-06
29 22 -9.3000695032906449677412297205592039972543716430664062500000000000e-02
30 22 5.3688191148543569497508798349372227676212787628173828125000000000e-02
31 22 9.3051533498456003412315157632961337696997361490502953529357910156e-07
36 22 3.1146167774144372514255607597988273482769727706909179687500000000e-02
37 22 1.9409517881911457644859841931150867821997962892055511474609375000e-05
38 22 6.7479469990854667196011657144538720132231901516206562519073486328e-08
8 23 4.7479238016060459903755486266163643449544906616210937500000000000e-01
9 23 1.8891335732801781133183283145626774057745933532714843750000000000e-01
10 23 1.0682262850818180499601339761284179985523223876953125000000000000e-01
11 23 2.4727254554172992812022258135584706906229257583618164062500000000e-02
15 23 -7.6996975375315612755144911716342903673648834228515625000000000000e-01
16 23 -4.3561268852388188577151595382019877433776855468750000000000000000e+00
17 23 -5.5103975471097932370412308955565094947814941406250000000000000000e-01
18 23 1.9333867636663018985815343242506969545502215623855590820312500000e-03
22 23 -7.3196080034608937414652984898566501215100288391113281250000000000e-02
23 23 7.3355692664167362337934719107579439878463745117187500000000000000e+00
24 23 -5.7897949004671849982284377589270008002131362445652484893798828125e-06
25 23 6.1380179769874654223697427180006513935950351879000663757324218750e-06
29 23 -4.0244525458724100808183266053674742579460144042968750000000000000e-01
30 23 -2.6339217861489752081638471281621605157852172851562500000000000000e+00
31 23 -2.2451975671505266883955578838261146756849484518170356750488281250e-05
32 23 2.0028974409735444849766406503306041125833658611554710660129785538e-10
36 23 6.5390999091638635221102049399632960557937622070312500000000000000e-01
37 23 4.5149584172879182362384670179622503383143339306116104125976562500e-05
38 23 6.5507052626126678751138261713737875879814964719116687774658203125e-06
39 23 1.6530888822158659319755229233361859542128513567149639129638671875e-06
8 24 4.4933896411722162492858798077399740122928051277995109558105468750e-06
9 24 1.7260717299874107867938390417639205054456397192552685737609863281e-06
10 24 1.7336375880711776509789361772062576960706792306154966354370117188e-06
11 24 8.7060172307747215170289824953675505980754678603261709213256835938e-07
12 24 7.5658580837667996650093563061785506551615299031254835426807403564e-09
15 24 5.7302959372038028888307441277571996351980487816035747528076171875e-06
16 24 -1.0530391135805878725191161993102184624149231240153312683105468750e-05
17 24 -2.7642314862481008348044086986305956088472157716751098632812500000e-06
18 24 -2.0548732360205106007574682794314391287571197608485817909240722656e-07
19 24 4.1528789786742913302629970871693299017124445526860654354095458984e-07
22 24 1.7935511999782654275200710972115736296927934745326638221740722656e-06
23 24 -5.7897949004671849982284377589270008002131362445652484893798828125e-06
24 24 1.0053610237128138837903179592103697359561920166015625000000000000e+00
25 24 -2.9050106583355217448882967801182530820369720458984375000000000000e-02
26 24 2.6689363690470163431502775841508423582126852124929428100585937500e-06
29 24 3.3061777644317318639510458466723719084257027134299278259277343750e-06
30 24 -1.1641712389595292858755944120918712769707781262695789337158203125e-05
31 24 2.1813171574513079593871101025115422089584171772003173828125000000e-03
32 24 1.0293462530993947131264176168136126321428491792175918817520141602e-07
33 24 1.8320547477234040006921489407432090956717729568481445312500000000e-02
36 24 9.5123942450071404420153947656402237953443545848131179809570312500e-06
37 24 1.7445135412065552070937004408568427038517256733030080795288085938e-07
38 24 3.0388788586161060139428924387061670131515711545944213867187500000e-04
39 24 2.8817265710068076280114812703914140001870691776275634765625000000e-03
40 24 1.0028995397645931489625041857215192488139710036421092809177935123e-10
9 25 8.6303586499370539339691952088196025272281985962763428688049316406e-07
10 25 8.7060172307747215170289824953675505980754678603261709213256835938e-07
11 25 1.7336375880711776509789361772062576960706792306154966354370117188e-06
12 25 9.5199601030909070944422550875074762188887689262628555297851562500e-06
13 25 2.8651479686019014444153720638785998175990243908017873764038085938e-06
16 25 4.9011116809558787828248783979834257706897915340960025787353515625e-06
17 25 -1.7307464938249394841279088508301242654852103441953659057617187500e-05
18 25 -7.3819627917511386805730043414452978822737350128591060638427734375e-06
19 25 -3.1008219851880575417945457017410149092029314488172531127929687500e-05
20 25 1.3090319886435407904511270678034676184786633257317589595913887024e-09
23 25 6.1380179769874654223697427180006513935950351879000663757324218750e-06
24 25 -2.9050106583355217448882967801182530820369720458984375000000000000e-02
25 25 1.8889745930868431234017634778865613043308258056640625000000000000e+00
26 25 -4.0510493574531360812425451189966452147928066551685333251953125000e-05
27 25 1.4494144157166539220557739675587782812726800329983234405517578125e-05
30 25 3.2728700083855635544378970269718820418347604572772979736328125000e-06
31 25 -3.6128998121676619836861732437682803720235824584960937500000000000e-01
32 25 3.3332012255199753528872586016973400546703487634658813476562500000e-04
33 25 -6.2884533419043864288511258564540185034275054931640625000000000000e-01
34 25 4.4940441571665381832560715036350984519231133162975311279296875000e-06
37 25 2.8651479686019014444153720638785998175990243908017873764038085938e-06
38 25 4.9946334064178074529927187086286721751093864440917968750000000000e-03
39 25 8.6143006813012540368035274696012493222951889038085937500000000000e-02
40 25 3.8779564285020787228752681130572455003857612609863281250000000000e-02
41 25 4.4933896411722162492858798077399740122928051277995109558105468750e-06
10 26 7.5658580837667996650093563061785506551615299031254835426807403564e-09
11 26 8.7060172307747215170289824953675505980754678603261709213256835938e-07
12 26 9.5206146190852290284124467834026006585190771147608757019042968750e-06
13 26 2.8673869727555779825494807616648174075635324697941541671752929688e-06
14 26 7.5658580837667996650093563061785506551615299031254835426807403564e-09
17 26 6.8133985985176442347525742858349584452071212581358850002288818359e-08
18 26 -9.1437190195236410326720135309519488231444483972154557704925537109e-08
19 26 -1.3241738224555835252093348441970732665140531025826930999755859375e-05
20 26 -2.0394414257256876400988121066266967051916481068474240601062774658e-08
21 26 4.5009554992559829017127401296072264358372194692492485046386718750e-06
24 26 2.6689363690470163431502775841508423582126852124929428100585937500e-06
25 26 -4.0510493574531360812425451189966452147928066551685333251953125000e-05
26 26 3.1913915402832339139838025918183284090900997398421168327331542969e-08
27 26 -1.6872516443752123182142285684470550677360733970999717712402343750e-05
28 26 9.9207708007851240624916377974784609250491484999656677246093750000e-06
31 26 1.8753082121772711644185419044283946732321055606007575988769531250e-05
32 26 -4.8546459067097259115352599458462212744791486329631879925727844238e-09
33 26 1.5095919531766831186156765931549728065874660387635231018066406250e-05
34 26 -2.9985142237356415442068018756271996494433551561087369918823242188e-06
35 26 3.7281838335956067319331731779730176867815316654741764068603515625e-06
38 26 2.3040628797524334876056002017200496564952594269470864674076437950e-10
39 26 1.9858427094925648323574338821595475224057736340910196304321289062e-06
40 26 1.9859427094925646281120892866489668904250720515847206115722656250e-06
41 26 8.6326593797024601804239798963358509809040697291493415832519531250e-07
42 26 8.6303586499370539339691952088196025272281985962763428688049316406e-07
11 27 8.6304449535235527868337612744653597474098205566406250000000000000e-02
12 27 9.5124894117887093258900677028577774763107299804687500000000000000e-01
13 27 7.1394661429541184105573847773484885692596435546875000000000000000e-01
14 27 3.6789217138836549647606943835853599011898040771484375000000000000e-01
18 27 7.5659347423476372082595808876703813439235091209411621093750000000e-04
19 27 -5.0984530484817884854464864474721252918243408203125000000000000000e+00
20 27 2.8601499277434121312410630899591978959506377577781677246093750000e-04
21 27 -2.1000026924172296993731379188830032944679260253906250000000000000e+00
25 27 1.4494144157166539220557739675587782812726800329983234405517578125e-05
26 27 -1.6872516443752123182142285684470550677360733970999717712402343750e-05
27 27 9.8885801040864862443413585424423217773437500000000000000000000000e+00
28 27 -3.8321259832296021841102628968656063079833984375000000000000000000e+00
32 27 7.7959310603074755956858033455192380500875515281222760677337646484e-09
33 27 -3.3099213600018982032839598428353156123193912208080291748046875000e-05
34 27 -2.0916555613165238591832917336432728916406631469726562500000000000e-01
35 27 -1.0206460734070155194075368854100815951824188232421875000000000000e+00
39 27 8.6303586499370539339691952088196025272281985962763428688049316406e-07
40 27 1.7260717299874107867938390417639205054456397192552685737609863281e-06
41 27 9.3816958063206324497373955750845198053866624832153320312500000000e-03
42 27 2.4202964959195136240843737596151186153292655944824218750000000000e-01
12 28 4.2839118682301579530709860932791849252865290509362239390611648560e-09
13 28 2.7254418513086647868348677548056002706289291381835937500000000000e-01
14 28 2.3458139006904829559907454950007377192378044128417968750000000000e-01
19 28 9.5124894117887093258900677028577774763107299804687500000000000000e-01
20 28 1.8439607216347888825683232205676631565438583493232727050781250000e-04
21 28 -7.0444522216377658541119899382465519011020660400390625000000000000e-01
26 28 9.9207708007851240624916377974784609250491484999656677246093750000e-06
27 28 -3.8321259832296021841102628968656063079833984375000000000000000000e+00
28 28 3.1007859966009760910310433246195316314697265625000000000000000000e+00
33 28 9.9201162847908021285214461015833364854188403114676475524902343750e-06
34 28 2.1752361851480415261272938209913263563066720962524414062500000000e-02
35 28 -1.8804451251792034249810114943102234974503517150878906250000000000e-01
40 28 4.0772203978366232178076177666836699131636123638600111007690429688e-07
41 28 4.6342830490139191174092658798144839238375425338745117187500000000e-03
42 28 1.3886391106584261567746807486400939524173736572265625000000000000e-01
15 29 7.2090697082164742481857899747410556301474571228027343750000000000e-02
16 29 1.6469664073940920578920099615061189979314804077148437500000000000e-01
17 29 4.7363442527991746200388689658211660571396350860595703125000000000e-02
22 29 -9.3000695032906449677412297205592039972543716430664062500000000000e-02
23 29 -4.0244525458724100808183266053674742579460144042968750000000000000e-01
24 29 3.3061777644317318639510458466723719084257027134299278259277343750e-06
29 29 6.3933062539014251512980990810319781303405761718750000000000000000e-01
30 29 -2.8892641453473998092160712758413865230977535247802734375000000000e-02
31 29 3.3084167685854084020851545444585894983902107924222946166992187500e-06
36 29 -6.0983223094959471133336137427249923348426818847656250000000000000e-01
37 29 -2.5262392188710278573965384296684533182997256517410278320312500000e-04
38 29 1.6553278863695424701096316211224035441773594357073307037353515625e-06
43 29 8.2090731676978279107714797646622173488140106201171875000000000000e-02
44 29 1.2874243142529076533442378149629803374409675598144531250000000000e-01
45 29 1.0060718070672065871124650771051278752565849572420120239257812500e-04
15 30 1.8462615214588576351140147835394600406289100646972656250000000000e-01
16 30 6.0712892051592337594456694205291569232940673828125000000000000000e-01
17 30 1.8269276558221947404092588840285316109657287597656250000000000000e-01
18 30 1.0000000000000001656791680269083157778231552015313354786485433578e-10
22 30 5.3688191148543569497508798349372227676212787628173828125000000000e-02
23 30 -2.6339217861489752081638471281621605157852172851562500000000000000e+00
24 30 -1.1641712389595292858755944120918712769707781262695789337158203125e-05
25 30 3.2728700083855635544378970269718820418347604572772979736328125000e-06
29 30 -2.8892641453473998092160712758413865230977535247802734375000000000e-02
30 30 4.4398520196173958396457237540744245052337646484375000000000000000e+00
31 30 -1.5751899592903677549101185140223435610096203163266181945800781250e-05
